DelayId,FlightId,DelayType,DelayDuration,DelayDate
D1,1005148,NAS Delay,265,2023-07-01
D2,1004244,NAS Delay,184,2023-08-13
D3,1004959,Security Delay,174,2023-12-11
D4,1003050,OPSNET Delay,266,2023-10-19
D5,1000519,OPSNET Delay,49,2023-02-20
D6,1003230,Late Arrival Delay,220,2023-08-23
D7,1003145,NAS Delay,128,2023-07-24
D8,1006627,Carrier Delay,67,2023-08-07
D9,1004711,Security Delay,213,2023-01-20
D10,1001772,OPSNET Delay,225,2023-03-16
D11,1001730,NAS Delay,83,2023-07-28
D12,1001578,Security Delay,167,2023-09-08
D13,1004137,Late Arrival Delay,161,2023-01-27
D14,1001265,OPSNET Delay,300,2023-10-31
D15,1002151,NAS Delay,15,2023-01-12
D16,1005969,Carrier Delay,42,2023-05-28
D17,1007122,Carrier Delay,283,2023-03-01
D18,1007102,OPSNET Delay,258,2023-04-30
D19,1000602,Carrier Delay,194,2023-06-24
D20,1007510,NAS Delay,181,2023-07-01
D21,1007087,Weather Delay,243,2023-03-09
D22,1001113,Weather Delay,202,2023-05-23
D23,1005260,Carrier Delay,37,2023-07-01
D24,1004541,NAS Delay,32,2023-05-19
D25,1007745,NAS Delay,39,2023-06-26
D26,1002229,Weather Delay,209,2023-10-10
D27,1006312,Carrier Delay,289,2023-06-23
D28,1003515,Weather Delay,108,2023-06-17
D29,1001826,Carrier Delay,23,2023-11-20
D30,1000100,NAS Delay,261,2023-08-03
D31,1006971,NAS Delay,114,2023-03-11
D32,1001915,OPSNET Delay,26,2023-11-13
D33,1005585,Security Delay,291,2023-06-15
D34,1007786,NAS Delay,112,2023-09-30
D35,1006014,Late Arrival Delay,166,2023-11-12
D36,1007604,Carrier Delay,232,2023-05-30
D37,1001364,Security Delay,289,2023-09-10
D38,1001274,Late Arrival Delay,232,2023-04-18
D39,1006927,Carrier Delay,21,2023-06-14
D40,1004341,Carrier Delay,109,2023-06-13
D41,1001438,OPSNET Delay,62,2023-02-24
D42,1003028,Security Delay,13,2023-09-15
D43,1006141,Carrier Delay,45,2023-07-01
D44,1004633,Security Delay,11,2023-11-25
D45,1007704,Security Delay,242,2023-05-18
D46,1006164,Carrier Delay,213,2023-01-05
D47,1003313,Weather Delay,180,2023-07-28
D48,1005076,Weather Delay,28,2023-07-03
D49,1003263,Security Delay,73,2023-12-29
D50,1000659,OPSNET Delay,37,2023-03-05
D51,1001810,OPSNET Delay,110,2023-05-28
D52,1005579,Security Delay,205,2023-01-28
D53,1004765,Weather Delay,214,2023-01-30
D54,1003880,NAS Delay,246,2023-10-19
D55,1003300,OPSNET Delay,67,2023-02-25
D56,1003204,OPSNET Delay,124,2023-07-05
D57,1006788,Security Delay,268,2023-08-28
D58,1007317,Security Delay,133,2023-12-23
D59,1004913,Security Delay,251,2023-11-01
D60,1001340,OPSNET Delay,94,2023-10-29
D61,1007842,Weather Delay,198,2023-11-17
D62,1003672,Security Delay,158,2023-10-13
D63,1004246,NAS Delay,12,2023-11-20
D64,1002101,Late Arrival Delay,272,2023-10-12
D65,1000155,Security Delay,195,2023-09-26
D66,1004481,NAS Delay,203,2023-09-16
D67,1006765,Carrier Delay,266,2023-11-26
D68,1005443,NAS Delay,155,2023-01-31
D69,1006566,NAS Delay,165,2023-07-15
D70,1002312,Weather Delay,121,2023-01-29
D71,1003827,Weather Delay,254,2023-03-03
D72,1001623,NAS Delay,222,2023-07-29
D73,1003955,Carrier Delay,101,2023-01-22
D74,1007711,Weather Delay,274,2023-05-23
D75,1005421,Late Arrival Delay,285,2023-04-02
D76,1003661,OPSNET Delay,218,2023-04-19
D77,1002889,Late Arrival Delay,41,2023-06-01
D78,1000403,Security Delay,134,2023-04-03
D79,1004628,NAS Delay,291,2023-12-22
D80,1000050,NAS Delay,181,2023-10-07
D81,1002358,Weather Delay,80,2023-10-02
D82,1004007,OPSNET Delay,115,2023-08-12
D83,1001109,Security Delay,85,2023-05-19
D84,1000970,Security Delay,141,2023-05-30
D85,1000757,Carrier Delay,203,2023-09-29
D86,1002362,Security Delay,235,2023-10-03
D87,1004380,Carrier Delay,92,2023-11-12
D88,1000163,OPSNET Delay,203,2023-07-11
D89,1001323,Carrier Delay,197,2023-05-07
D90,1002539,Weather Delay,130,2023-08-16
D91,1007125,Security Delay,89,2023-07-21
D92,1003557,Carrier Delay,152,2023-11-29
D93,1003187,Weather Delay,247,2023-10-02
D94,1007742,NAS Delay,71,2023-11-14
D95,1004363,Weather Delay,228,2023-02-01
D96,1000013,Late Arrival Delay,13,2023-09-12
D97,1002592,Weather Delay,253,2023-08-03
D98,1002467,Security Delay,176,2023-02-26
D99,1007242,OPSNET Delay,257,2023-06-11
D100,1004135,Weather Delay,183,2023-10-14
D101,1003457,Security Delay,225,2023-05-08
D102,1003533,Carrier Delay,77,2023-03-01
D103,1007453,NAS Delay,46,2023-02-13
D104,1006108,Carrier Delay,293,2023-10-24
D105,1007294,Late Arrival Delay,224,2023-10-08
D106,1006714,Weather Delay,18,2023-12-22
D107,1005478,Late Arrival Delay,116,2023-12-12
D108,1001397,OPSNET Delay,142,2023-05-20
D109,1006424,Weather Delay,203,2023-05-15
D110,1000575,NAS Delay,118,2023-06-12
D111,1002876,Security Delay,84,2023-02-27
D112,1006233,OPSNET Delay,217,2023-12-11
D113,1007308,OPSNET Delay,167,2023-08-31
D114,1007565,OPSNET Delay,261,2023-05-31
D115,1000776,Weather Delay,31,2023-10-12
D116,1007560,OPSNET Delay,20,2023-08-10
D117,1007558,Security Delay,168,2023-07-29
D118,1001552,Late Arrival Delay,31,2023-09-27
D119,1007656,NAS Delay,151,2023-04-26
D120,1006626,OPSNET Delay,283,2023-10-27
D121,1003349,Weather Delay,221,2023-06-20
D122,1005969,Security Delay,45,2023-05-15
D123,1004835,OPSNET Delay,152,2023-10-21
D124,1007840,Late Arrival Delay,176,2023-11-22
D125,1001185,Weather Delay,54,2023-11-17
D126,1002815,OPSNET Delay,120,2023-10-12
D127,1000258,Late Arrival Delay,283,2023-08-16
D128,1003722,Late Arrival Delay,107,2023-11-28
D129,1003976,OPSNET Delay,188,2023-04-08
D130,1002237,Late Arrival Delay,96,2023-07-25
D131,1002645,Carrier Delay,187,2023-04-05
D132,1003161,Carrier Delay,254,2023-11-14
D133,1004636,Carrier Delay,37,2023-07-23
D134,1000265,Carrier Delay,44,2023-01-03
D135,1001622,Security Delay,228,2023-01-21
D136,1007009,NAS Delay,107,2023-05-28
D137,1001133,Carrier Delay,73,2023-12-11
D138,1000298,Security Delay,284,2023-01-15
D139,1001576,OPSNET Delay,64,2023-04-03
D140,1001404,Carrier Delay,139,2023-09-26
D141,1000333,Late Arrival Delay,126,2023-05-19
D142,1003014,OPSNET Delay,145,2023-02-15
D143,1001161,Security Delay,151,2023-03-08
D144,1002920,Weather Delay,77,2023-04-23
D145,1006485,NAS Delay,43,2023-08-06
D146,1006580,Carrier Delay,142,2023-02-19
D147,1001533,Carrier Delay,144,2023-03-18
D148,1005742,Carrier Delay,90,2023-08-27
D149,1007145,Carrier Delay,221,2023-11-16
D150,1005352,Weather Delay,296,2023-08-23
D151,1002631,OPSNET Delay,102,2023-02-24
D152,1003899,Security Delay,235,2023-01-23
D153,1006214,OPSNET Delay,164,2023-10-22
D154,1006536,Carrier Delay,74,2023-06-27
D155,1004473,Weather Delay,292,2023-03-14
D156,1003309,Carrier Delay,116,2023-10-07
D157,1005703,NAS Delay,119,2023-04-08
D158,1003506,OPSNET Delay,168,2023-12-31
D159,1001723,OPSNET Delay,225,2023-02-11
D160,1005547,Late Arrival Delay,219,2023-05-20
D161,1001307,Carrier Delay,267,2023-05-18
D162,1006308,OPSNET Delay,216,2023-09-29
D163,1002203,OPSNET Delay,130,2023-04-06
D164,1006673,Late Arrival Delay,242,2023-08-15
D165,1003886,NAS Delay,179,2023-09-24
D166,1003770,OPSNET Delay,224,2023-03-01
D167,1000828,Late Arrival Delay,254,2023-05-08
D168,1007823,OPSNET Delay,12,2023-04-19
D169,1002813,OPSNET Delay,161,2023-05-16
D170,1000376,NAS Delay,69,2023-02-07
D171,1001617,Weather Delay,201,2023-03-12
D172,1005558,NAS Delay,127,2023-02-03
D173,1002629,Late Arrival Delay,247,2023-12-22
D174,1002088,Late Arrival Delay,212,2023-11-05
D175,1002881,Weather Delay,131,2023-07-31
D176,1005970,NAS Delay,161,2023-07-08
D177,1003302,Weather Delay,103,2023-07-18
D178,1003902,Weather Delay,67,2023-10-14
D179,1006612,OPSNET Delay,116,2023-05-20
D180,1003459,Late Arrival Delay,116,2023-01-28
D181,1002461,Carrier Delay,28,2023-05-19
D182,1003833,OPSNET Delay,119,2023-09-08
D183,1006968,Security Delay,154,2023-05-08
D184,1000722,OPSNET Delay,187,2023-08-16
D185,1002852,Security Delay,144,2023-07-21
D186,1006701,Weather Delay,217,2023-01-27
D187,1003995,NAS Delay,253,2023-09-11
D188,1000519,Security Delay,19,2023-08-04
D189,1004013,OPSNET Delay,102,2023-02-24
D190,1004768,OPSNET Delay,237,2023-01-18
D191,1006719,Security Delay,15,2023-06-02
D192,1000472,Carrier Delay,253,2023-10-04
D193,1004410,Late Arrival Delay,153,2023-06-26
D194,1007229,Carrier Delay,18,2023-08-11
D195,1002693,Security Delay,22,2023-06-28
D196,1006686,Late Arrival Delay,157,2023-01-11
D197,1004999,Weather Delay,219,2023-03-16
D198,1005852,Weather Delay,203,2023-04-25
D199,1002351,Security Delay,222,2023-07-08
D200,1005833,Weather Delay,182,2023-09-22